JOBID
56002855
56002856
56002857
56002858
56002860
56002861
56002862
56002863
56002864
56002865
56002866
56002867
56002868
56002869
56002870
56002871
56002872
56002873
56002874
56002875
56002876
56002877
56002878
56002879
56002880
56002881
56002882
56002883
56002884
56002885
56002886
56002887
56002888
56002889
56002890
56002891
56002892
56002893
56002894
56002895
56002896
56002897
56002898
56002899
56002900
56002901
56002902
56002903
56002904
56002905
56002906
56002907
56002908
56002909
56002910
56002911
56002912
56002913
56002914
56002915
56002917
56002918
56002919
56002920
56002922
56002923
56002924
56002925
56002926
56002927
56002928
56002929
56002930
56002931
56002932
56002933
56002934
56002935
56002936
56002937
56002938
56002939
56002940
56002941
56002942
56002943
56002944
56002945
56002946
56002947
55985674
56002836
56002837
56002838
56002839
56002840
56002841
56002842
56002843
56002844
56002845
56002830
56002831
56002832
56002833
56002834
56002835
56002854
56002846
56002847
56002848
56002849
56002850
56002851
56002852
56002853
JOBID
56041592
56041593
56041594
56041595
56041596
56041597
56041598
56041599
56041600
56041601
56041602
56041603
56041604
56041605
56041606
56041607
56041608
56041609
56041610
56041611
56041612
56041613
56041614
56041615
56041616
56041617
56041618
56041619
56041620
56041621
56041622
56041623
56041624
56041625
56041626
56041627
56041647
56041650
56041651
56041652
56041653
56041654
56041655
56041656
56041657
56041658
56041659
56041660
56041661
56041728
56041729
56041730
56041731
56041732
56041733
56041734
56041735
56041736
56041737
56041738
56041739
56041740
56041741
56041742
56041743
56041744
56041745
56041746
56041747
56041748
56041749
56041750
56041751
56041752
56041753
56041754
56041755
56041756
56041757
56041758
56041759
56041760
56041761
56041762
56041763
56041782
56041783
56041784
56041785
56041786
56041787
56041788
56041790
56041791
56041792
56041794
56041795
56041862
56041863
56041864
56041865
56041866
56041867
56041868
56041869
56041870
56041871
56041872
56041873
56041874
56041875
56041876
56041877
56041878
56041879
56041880
56041881
56041882
56041883
56041884
56041885
56041886
56041887
56041888
56041889
56041890
56041891
56041892
56041893
56041894
56041895
56041896
56041897
56041898
56041899
56041918
56041919
56041920
56041921
56041922
56041923
56041924
56041925
56041926
56041927
56041928
56041929
56041930
56041931
56041940
56041941
56041942
56041943
56041944
56041945
56041946
56041947
56041948
56041949
56041950
56041951
56041952
56041953
56041954
56041955
56041956
56041957
56041958
56041959
56041960
56041961
56041962
56041963
56041964
56041965
56041966
56041967
56041968
56041969
56041970
56041971
56041972
56041973
56041974
56041975
56041976
56041977
56041978
56041979
56041981
56041982
56041983
56041984
56041985
56041986
56041987
56041988
56041989
56041990
56041991
56041992
56041993
56041994
56041995
56041996
56041997
56041998
56041999
56042000
56042001
56042002
56042003
56042004
56042005
56042006
56018212
56041591
56041477
56041478
56041479
56041480
56041481
56041482
56041484
56041485
56041486
56041487
56041490
56041492
56041494
56041495
56041514
56041515
56041516
56041517
56041518
56041519
56041520
56041521
56041522
56041523
